0.98	0.318807
0.982	0.323908
0.984	0.329328
0.986	0.33411
0.988	0.336023
0.99	0.341124
0.992	0.345587
0.994	0.352919
0.996	0.359933
0.998	0.358339
1	0.360252
1.002	0.361208
1.004	0.362802
1.006	0.362165
1.008	0.360571
1.01	0.359933
1.012	0.360571
1.014	0.362484
1.016	0.354832
1.018	0.354195
1.02	0.360571
1.022	0.362484
1.024	0.368222
1.026	0.372686
1.028	0.371091
1.03	0.372048
1.032	0.381612
1.034	0.384481
1.036	0.387032
1.038	0.388945
1.04	0.391176
1.042	0.39022
1.044	0.394683
1.046	0.399146
1.048	0.400422
1.05	0.404566
1.052	0.404885
1.054	0.404885
1.056	0.402972
1.058	0.403291
1.06	0.405523
1.062	0.408392
1.064	0.413493
1.066	0.412536
1.068	0.413174
1.07	0.419231
1.072	0.420188
1.074	0.424332
1.076	0.424013
1.078	0.426245
1.08	0.42497
1.082	0.43039
1.084	0.429433
1.086	0.434534
1.088	0.439635
1.09	0.441867
1.092	0.442823
1.094	0.440273
1.096	0.438041
1.098	0.440591
1.1	0.437403
1.102	0.433896
1.104	0.431027
1.106	0.430708
1.108	0.425607
1.11	0.426245
1.112	0.427839
1.114	0.419869
1.116	0.421463
1.118	0.420825
1.12	0.42497
1.122	0.419869
1.124	0.425607
1.126	0.428477
1.128	0.425607
1.13	0.423695
1.132	0.424651
1.134	0.423695
1.136	0.418913
1.138	0.421463
1.14	0.421463
1.142	0.422738
1.144	0.427839
1.146	0.431346
1.148	0.436766
1.15	0.437085
1.152	0.441548
1.154	0.443779
1.156	0.439954
1.158	0.438041
1.16	0.434215
1.162	0.435172
1.164	0.432621
1.166	0.433259
1.168	0.431346
1.17	0.433578
1.172	0.433896
1.174	0.43294
1.176	0.436766
1.178	0.43836
1.18	0.43836
1.182	0.438997
1.184	0.438041
1.186	0.435491
1.188	0.441229
1.19	0.440591
1.192	0.447286
1.194	0.451112
1.196	0.458445
1.198	0.465458
1.2	0.475023
1.202	0.480442
1.204	0.483949
1.206	0.487137
1.208	0.48905
1.21	0.494151
1.212	0.490325
1.214	0.492557
1.216	0.48905
1.218	0.489369
1.22	0.492557
1.222	0.490963
1.224	0.484906
1.226	0.482674
1.228	0.483312
1.23	0.484268
1.232	0.48108
1.234	0.482036
1.236	0.480761
1.238	0.490644
1.24	0.494151
1.242	0.498296
1.244	0.505309
1.246	0.504034
1.248	0.515192
1.25	0.516149
1.252	0.514873
1.254	0.515192
1.256	0.515511
1.258	0.509773
1.26	0.510091
1.262	0.508497
1.264	0.507222
1.266	0.504353
1.268	0.510091
1.27	0.50499
1.272	0.507222
1.274	0.50786
1.276	0.503396
1.278	0.50499
1.28	0.501165
1.282	0.503396
1.284	0.498933
1.286	0.506266
1.288	0.506584
1.29	0.511685
1.292	0.513917
1.294	0.512323
1.296	0.516149
1.298	0.515192
1.3	0.517424
1.302	0.509454
1.304	0.508179
1.306	0.508497
1.308	0.506266
1.31	0.508179
1.312	0.503715
1.314	0.506584
1.316	0.504353
1.318	0.507541
1.32	0.50786
1.322	0.500527
1.324	0.501802
1.326	0.499252
1.328	0.50244
1.33	0.497339
1.332	0.497977
1.334	0.491601
1.336	0.485543
1.338	0.488412
1.34	0.482993
1.342	0.482036
1.344	0.475341
1.346	0.475979
1.348	0.473429
1.35	0.477892
1.352	0.481718
1.354	0.481718
1.356	0.479167
1.358	0.478529
1.36	0.474704
1.362	0.47311
1.364	0.470878
1.366	0.46769
1.368	0.466096
1.37	0.463227
1.372	0.466096
1.374	0.466415
1.376	0.469922
1.378	0.469603
1.38	0.46769
1.382	0.463546
1.384	0.464183
1.386	0.46227
1.388	0.464821
1.39	0.460676
1.392	0.463227
1.394	0.466415
1.396	0.474066
1.398	0.476298
1.4	0.478211
1.402	0.485543
1.404	0.488094
1.406	0.493195
1.408	0.495745
1.41	0.498296
1.412	0.487775
1.414	0.493513
1.416	0.487775
1.418	0.487775
1.42	0.485224
1.422	0.481399
1.424	0.476298
1.426	0.473429
1.428	0.480761
1.43	0.478529
1.432	0.481399
1.434	0.474385
1.436	0.475023
1.438	0.475341
1.44	0.478529
1.442	0.479486
1.444	0.481718
1.446	0.479486
1.448	0.480442
1.45	0.488094
1.452	0.487137
1.454	0.492876
1.456	0.490963
1.458	0.493195
1.46	0.487775
1.462	0.489369
1.464	0.485862
1.466	0.485224
1.468	0.484268
1.47	0.477892
1.472	0.482036
1.474	0.474066
1.476	0.479167
1.478	0.480761
1.48	0.478848
1.482	0.473429
1.484	0.477254
1.486	0.482355
1.488	0.480442
1.49	0.4865
1.492	0.481718
1.494	0.479167
1.496	0.478529
1.498	0.476935
1.5	0.47024
1.502	0.464183
1.504	0.462908
1.506	0.463227
1.508	0.464821
1.51	0.471835
1.512	0.474066
1.514	0.478848
1.516	0.481718
1.518	0.486181
1.52	0.484268
1.522	0.480442
1.524	0.480442
1.526	0.471516
1.528	0.469922
1.53	0.465777
1.532	0.465777
1.534	0.463227
1.536	0.461314
1.538	0.464502
1.54	0.463546
1.542	0.466734
1.544	0.471835
1.546	0.472791
1.548	0.471197
1.55	0.46769
1.552	0.471516
1.554	0.470878
1.556	0.467371
1.558	0.465777
1.56	0.465777
1.562	0.459082
1.564	0.458763
1.566	0.460995
1.568	0.459401
1.57	0.456532
1.572	0.459082
1.574	0.453663
1.576	0.451112
1.578	0.452387
1.58	0.452068
1.582	0.453663
1.584	0.453663
1.586	0.450793
1.588	0.450474
1.59	0.453025
1.592	0.452706
1.594	0.449837
1.596	0.447605
1.598	0.443779
1.6	0.43836
1.602	0.438997
1.604	0.433578
1.606	0.435172
1.608	0.436766
1.61	0.437085
1.612	0.440591
1.614	0.437085
1.616	0.439954
1.618	0.435172
1.62	0.442504
1.622	0.440273
1.624	0.434853
1.626	0.433896
1.628	0.429752
1.63	0.427839
1.632	0.426564
1.634	0.426564
1.636	0.419869
1.638	0.415724
1.64	0.416681
1.642	0.420825
1.644	0.419231
1.646	0.420188
1.648	0.420188
1.65	0.423695
1.652	0.425607
1.654	0.429752
1.656	0.428477
1.658	0.430071
1.66	0.431665
1.662	0.437085
1.664	0.436447
1.666	0.433578
1.668	0.426883
1.67	0.423376
1.672	0.420825
1.674	0.415724
1.676	0.412218
1.678	0.408073
1.68	0.412218
1.682	0.408711
1.684	0.414449
1.686	0.410942
1.688	0.412218
1.69	0.409348
1.692	0.412536
1.694	0.408711
1.696	0.405204
1.698	0.408392
1.7	0.403291
1.702	0.408711
1.704	0.407754
1.706	0.410305
1.708	0.407754
1.71	0.409348
1.712	0.404885
1.714	0.404885
1.716	0.405841
1.718	0.405523
1.72	0.404247
1.722	0.407117
1.724	0.410305
1.726	0.410305
1.728	0.412218
1.73	0.409348
1.732	0.411899
1.734	0.406798
1.736	0.403929
1.738	0.401059
1.74	0.394683
1.742	0.39564
1.744	0.386713
1.746	0.387669
1.748	0.380974
1.75	0.377149
1.752	0.37428
1.754	0.368541
1.756	0.366947
1.758	0.360571
1.76	0.366309
1.762	0.364397
1.764	0.362802
1.766	0.363759
1.768	0.363759
1.77	0.363121
1.772	0.36089
1.774	0.359614
1.776	0.354195
1.778	0.354514
1.78	0.356426
1.782	0.350369
1.784	0.350688
1.786	0.351325
1.788	0.352282
1.79	0.352919
1.792	0.356745
1.794	0.353557
1.796	0.353876
1.798	0.359614
1.8	0.356745
1.802	0.355789
1.804	0.354514
1.806	0.355789
1.808	0.356745
1.81	0.351007
1.812	0.351325
1.814	0.359296
1.816	0.359614
1.818	0.356426
1.82	0.358658
1.822	0.356745
1.824	0.352919
1.826	0.35802
1.828	0.357383
1.83	0.345268
1.832	0.34463
1.834	0.343036
1.836	0.345268
1.838	0.343674
1.84	0.343355
1.842	0.343993
1.844	0.341442
1.846	0.345587
1.848	0.343036
1.85	0.346543
1.852	0.34208
1.854	0.343355
1.856	0.345268
1.858	0.345268
1.86	0.351325
1.862	0.349094
1.864	0.356426
1.866	0.357383
1.868	0.353876
1.87	0.354195
1.872	0.353238
1.874	0.351007
1.876	0.349413
1.878	0.351644
1.88	0.350369
1.882	0.352601
1.884	0.356108
1.886	0.361208
1.888	0.360571
1.89	0.365672
1.892	0.362802
1.894	0.364397
1.896	0.362802
1.898	0.361527
1.9	0.365672
1.902	0.361527
1.904	0.358339
1.906	0.359933
1.908	0.359614
1.91	0.357064
1.912	0.357064
1.914	0.35547
1.916	0.355151
1.918	0.356426
1.92	0.360252
1.922	0.353876
1.924	0.354832
1.926	0.348137
1.928	0.350369
1.93	0.354195
1.932	0.351325
1.934	0.349413
1.936	0.35005
1.938	0.348775
1.94	0.346225
1.942	0.356745
1.944	0.352919
1.946	0.351963
1.948	0.346862
1.95	0.346225
1.952	0.342718
1.954	0.341124
1.956	0.339211
1.958	0.330603
1.96	0.329328
1.962	0.324546
1.964	0.327415
1.966	0.326458
1.968	0.326777
1.97	0.329647
1.972	0.331241
1.974	0.33411
1.976	0.332197
1.978	0.328053
1.98	0.325821
1.982	0.323908
1.984	0.323589
1.986	0.320401
1.988	0.319445
1.99	0.314344
1.992	0.313706
1.994	0.312431
1.996	0.313069
1.998	0.317532
2	0.316257
2.002	0.313387
2.004	0.312431
2.006	0.317532
2.008	0.317532
2.01	0.32072
2.012	0.319764
2.014	0.316894
2.016	0.313706
2.018	0.316257
2.02	0.311793
2.022	0.307649
2.024	0.307649
2.026	0.307649
2.028	0.302867
2.03	0.300954
2.032	0.298085
2.034	0.295853
2.036	0.297128
2.038	0.296809
2.04	0.30191
2.042	0.300954
2.044	0.304461
2.046	0.299041
2.048	0.298722
2.05	0.294897
2.052	0.299997
2.054	0.299679
2.056	0.296491
2.058	0.294897
2.06	0.292665
2.062	0.292984
2.064	0.293621
2.066	0.294897
2.068	0.28852
2.07	0.291709
2.072	0.291709
2.074	0.295534
2.076	0.29139
2.078	0.29394
2.08	0.29139
2.082	0.291709
2.084	0.295534
2.086	0.296172
2.088	0.292027
2.09	0.286608
2.092	0.293621
2.094	0.293303
2.096	0.29936
2.098	0.297447
2.1	0.293303
2.102	0.287564
2.104	0.286289
2.106	0.284376
2.108	0.28342
2.11	0.283101
2.112	0.284695
2.114	0.285014
2.116	0.288839
2.118	0.287883
2.12	0.291071
2.122	0.29394
2.124	0.292027
2.126	0.291709
2.128	0.288839
2.13	0.290114
2.132	0.281825
2.134	0.281825
2.136	0.279594
2.138	0.276725
2.14	0.278319
2.142	0.273218
2.144	0.275131
2.146	0.274812
2.148	0.277681
2.15	0.277043
2.152	0.274174
2.154	0.277681
2.156	0.270667
2.158	0.273218
2.16	0.268436
2.162	0.27258
2.164	0.273218
2.166	0.267798
2.168	0.275131
2.17	0.270667
2.172	0.276406
2.174	0.276406
2.176	0.275449
2.178	0.278
2.18	0.277043
2.182	0.284376
2.184	0.276406
2.186	0.277362
2.188	0.27258
2.19	0.273536
2.192	0.270986
2.194	0.264291
2.196	0.262059
2.198	0.259828
2.2	0.25919
2.202	0.262697
2.204	0.26716
2.206	0.264929
2.208	0.270348
2.21	0.268436
2.212	0.270986
2.214	0.270986
2.216	0.275768
2.218	0.274174
2.22	0.273218
2.222	0.274812
2.224	0.273855
2.226	0.272899
2.228	0.270348
2.23	0.27258
2.232	0.270986
2.234	0.265885
2.236	0.265566
2.238	0.264929
2.24	0.261422
2.242	0.266204
2.244	0.271942
2.246	0.270667
2.248	0.27003
2.25	0.273536
2.252	0.269711
2.254	0.276087
2.256	0.278956
2.258	0.279913
2.26	0.277043
2.262	0.281188
2.264	0.282463
2.266	0.28342
2.268	0.285332
2.27	0.277362
2.272	0.272899
2.274	0.27003
2.276	0.270667
2.278	0.261422
2.28	0.258553
2.282	0.25919
2.284	0.258553
2.286	0.25664
2.288	0.258871
2.29	0.25919
2.292	0.25919
2.294	0.259828
2.296	0.260465
2.298	0.256321
2.3	0.252814
2.302	0.25919
2.304	0.26461
2.306	0.256959
2.308	0.252176
2.31	0.252495
2.312	0.253452
2.314	0.257915
2.316	0.259509
2.318	0.256321
2.32	0.253452
2.322	0.259509
2.324	0.264291
2.326	0.264291
2.328	0.260147
2.33	0.254408
2.332	0.25377
2.334	0.249626
2.336	0.248032
2.338	0.248032
2.34	0.248032
2.342	0.253133
2.344	0.253452
2.346	0.25664
2.348	0.260465
2.35	0.266204
2.352	0.263653
2.354	0.261103
2.356	0.261422
2.358	0.256959
2.36	0.263653
2.362	0.259828
