0.98	0.609559
0.982	0.610197
0.984	0.604458
0.986	0.599676
0.988	0.600633
0.99	0.600951
0.992	0.60127
0.994	0.606371
0.996	0.607328
0.998	0.611791
1	0.619761
1.002	0.628369
1.004	0.633789
1.006	0.640483
1.008	0.644947
1.01	0.647497
1.012	0.65483
1.014	0.653873
1.016	0.658018
1.018	0.658974
1.02	0.66025
1.022	0.660568
1.024	0.67619
1.026	0.680972
1.028	0.688305
1.03	0.69213
1.032	0.693405
1.034	0.70297
1.036	0.708708
1.038	0.717635
1.04	0.713171
1.042	0.711577
1.044	0.713171
1.046	0.72433
1.048	0.735169
1.05	0.739632
1.052	0.744096
1.054	0.747921
1.056	0.746646
1.058	0.757167
1.06	0.764818
1.062	0.768006
1.064	0.777571
1.066	0.782671
1.068	0.793192
1.07	0.796699
1.072	0.811364
1.074	0.811364
1.076	0.817103
1.078	0.821566
1.08	0.819972
1.082	0.822841
1.084	0.825392
1.086	0.832724
1.088	0.831449
1.09	0.834637
1.092	0.834318
1.094	0.835275
1.096	0.831449
1.098	0.832405
1.1	0.826986
1.102	0.819334
1.104	0.817103
1.106	0.816146
1.108	0.805626
1.11	0.803394
1.112	0.805307
1.114	0.797337
1.116	0.793511
1.118	0.794467
1.12	0.791598
1.122	0.79383
1.124	0.801481
1.126	0.805307
1.128	0.811045
1.13	0.815509
1.132	0.814871
1.134	0.816784
1.136	0.826667
1.138	0.829536
1.14	0.829536
1.142	0.829855
1.144	0.82858
1.146	0.829855
1.148	0.842288
1.15	0.848983
1.152	0.84707
1.154	0.842926
1.156	0.844839
1.158	0.84452
1.16	0.848665
1.162	0.852809
1.164	0.840057
1.166	0.830493
1.168	0.83655
1.17	0.842288
1.172	0.837825
1.174	0.842288
1.176	0.8391
1.178	0.845158
1.18	0.862692
1.182	0.871619
1.184	0.874169
1.186	0.877357
1.188	0.895529
1.19	0.900311
1.192	0.913701
1.194	0.919759
1.196	0.923265
1.198	0.928685
1.2	0.934105
1.202	0.945263
1.204	0.943031
1.206	0.940481
1.208	0.936336
1.21	0.937612
1.212	0.940162
1.214	0.943669
1.216	0.951958
1.218	0.953552
1.22	0.962797
1.222	0.97268
1.224	0.9781
1.226	0.984795
1.228	0.984476
1.23	0.994359
1.232	0.990852
1.234	0.99149
1.236	0.988302
1.238	0.985114
1.24	0.988621
1.242	0.986708
1.244	0.994041
1.246	0.992128
1.248	0.995316
1.25	0.998185
1.252	1.00743
1.254	1.012213
1.256	1.019545
1.258	1.021139
1.26	1.024008
1.262	1.029747
1.264	1.032935
1.266	1.032935
1.268	1.028153
1.27	1.027834
1.272	1.030703
1.274	1.02624
1.276	1.024327
1.278	1.023052
1.28	1.02082
1.282	1.021777
1.284	1.022096
1.286	1.025921
1.288	1.020183
1.29	1.030385
1.292	1.030703
1.294	1.032935
1.296	1.030066
1.298	1.033891
1.3	1.030703
1.302	1.032616
1.304	1.028472
1.306	1.023052
1.308	1.02082
1.31	1.014444
1.312	1.014763
1.314	1.009024
1.316	1.015401
1.318	1.01285
1.32	1.014444
1.322	1.013807
1.324	1.010937
1.326	1.011894
1.328	1.007112
1.33	1.00743
1.332	0.992765
1.334	0.983839
1.336	0.977463
1.338	0.963754
1.34	0.956421
1.342	0.945582
1.344	0.939206
1.346	0.932192
1.348	0.931236
1.35	0.933148
1.352	0.927729
1.354	0.932511
1.356	0.924859
1.358	0.915295
1.36	0.903181
1.362	0.900949
1.364	0.89266
1.366	0.885327
1.368	0.885327
1.37	0.882777
1.372	0.884371
1.374	0.890109
1.376	0.899036
1.378	0.896804
1.38	0.909238
1.382	0.909557
1.384	0.913382
1.386	0.914658
1.388	0.924541
1.39	0.926772
1.392	0.935061
1.394	0.942713
1.396	0.944944
1.398	0.956103
1.4	0.957378
1.402	0.966942
1.404	0.965348
1.406	0.975869
1.408	0.973956
1.41	0.974275
1.412	0.971724
1.414	0.969174
1.416	0.970449
1.418	0.969811
1.42	0.971724
1.422	0.96758
1.424	0.966942
1.426	0.96758
1.428	0.968855
1.43	0.968855
1.432	0.969174
1.434	0.962479
1.436	0.959609
1.438	0.960247
1.44	0.960566
1.442	0.953552
1.444	0.957059
1.446	0.952277
1.448	0.952914
1.45	0.949726
1.452	0.949089
1.454	0.945582
1.456	0.941756
1.458	0.943669
1.46	0.937612
1.462	0.938568
1.464	0.927729
1.466	0.927729
1.468	0.925816
1.47	0.920396
1.472	0.921034
1.474	0.918164
1.476	0.916252
1.478	0.913701
1.48	0.91657
1.482	0.917208
1.484	0.918164
1.486	0.923584
1.488	0.921353
1.49	0.919121
1.492	0.912107
1.494	0.912107
1.496	0.907325
1.498	0.908281
1.5	0.905731
1.502	0.899036
1.504	0.897442
1.506	0.899036
1.508	0.904456
1.51	0.90063
1.512	0.906687
1.514	0.902543
1.516	0.899036
1.518	0.899674
1.52	0.899355
1.522	0.891385
1.524	0.892022
1.526	0.887878
1.528	0.885327
1.53	0.88469
1.532	0.882139
1.534	0.878632
1.536	0.878314
1.538	0.883414
1.54	0.878951
1.542	0.878314
1.544	0.87385
1.546	0.873531
1.548	0.872256
1.55	0.869706
1.552	0.867793
1.554	0.866837
1.556	0.859185
1.558	0.858229
1.56	0.859823
1.562	0.857272
1.564	0.861098
1.566	0.862054
1.568	0.859185
1.57	0.857591
1.572	0.859823
1.574	0.858229
1.576	0.856954
1.578	0.853765
1.58	0.846114
1.582	0.84197
1.584	0.838463
1.586	0.835912
1.588	0.831449
1.59	0.827942
1.592	0.819972
1.594	0.812958
1.596	0.809132
1.598	0.805307
1.6	0.800206
1.602	0.791279
1.604	0.787772
1.606	0.790004
1.608	0.789048
1.61	0.784903
1.612	0.790642
1.614	0.785222
1.616	0.787454
1.618	0.786178
1.62	0.789685
1.622	0.788091
1.624	0.787454
1.626	0.791279
1.628	0.780121
1.63	0.781077
1.632	0.773107
1.634	0.77247
1.636	0.768644
1.638	0.758442
1.64	0.753341
1.642	0.750153
1.644	0.752066
1.646	0.750153
1.648	0.754298
1.65	0.75621
1.652	0.754935
1.654	0.758761
1.656	0.758123
1.658	0.752066
1.66	0.749516
1.662	0.743777
1.664	0.738357
1.666	0.733894
1.668	0.727199
1.67	0.723692
1.672	0.717954
1.674	0.716997
1.676	0.710621
1.678	0.716041
1.68	0.712853
1.682	0.714128
1.684	0.71891
1.686	0.715722
1.688	0.719548
1.69	0.717635
1.692	0.725286
1.694	0.725605
1.696	0.725286
1.698	0.717635
1.7	0.71349
1.702	0.717316
1.704	0.712853
1.706	0.713809
1.708	0.709665
1.71	0.700419
1.712	0.7001
1.714	0.696912
1.716	0.694999
1.718	0.690217
1.72	0.690536
1.722	0.687348
1.724	0.679059
1.726	0.68161
1.728	0.680653
1.73	0.678422
1.732	0.678103
1.734	0.67619
1.736	0.671727
1.738	0.668857
1.74	0.672045
1.742	0.66535
1.744	0.657699
1.746	0.652598
1.748	0.644309
1.75	0.63602
1.752	0.631238
1.754	0.629006
1.756	0.621355
1.758	0.617211
1.76	0.618486
1.762	0.616573
1.764	0.617848
1.766	0.615617
1.768	0.608603
1.77	0.608284
1.772	0.601908
1.774	0.603821
1.776	0.600633
1.778	0.59872
1.78	0.591387
1.782	0.59075
1.784	0.594575
1.786	0.591706
1.788	0.59585
1.79	0.5933
1.792	0.590431
1.794	0.592344
1.796	0.588199
1.798	0.580229
1.8	0.575447
1.802	0.565883
1.804	0.563332
1.806	0.562376
1.808	0.560463
1.81	0.563651
1.812	0.564289
1.814	0.57449
1.816	0.572259
1.818	0.580548
1.82	0.573853
1.822	0.568433
1.824	0.567795
1.826	0.561101
1.828	0.561101
1.83	0.551536
1.832	0.549942
1.834	0.544523
1.836	0.545798
1.838	0.547392
1.84	0.545798
1.842	0.547073
1.844	0.549942
1.846	0.547711
1.848	0.549623
1.85	0.550899
1.852	0.554724
1.854	0.554724
1.856	0.554406
1.858	0.551217
1.86	0.549623
1.862	0.559825
1.864	0.564607
1.866	0.570346
1.868	0.572578
1.87	0.585011
1.872	0.587561
1.874	0.596169
1.876	0.600314
1.878	0.599039
1.88	0.599039
1.882	0.59585
1.884	0.599039
1.886	0.588518
1.888	0.596807
1.89	0.593938
1.892	0.59075
1.894	0.586605
1.896	0.590431
1.898	0.591387
1.9	0.589474
1.902	0.590431
1.904	0.576722
1.906	0.572259
1.908	0.570027
1.91	0.575447
1.912	0.574172
1.914	0.572259
1.916	0.575447
1.918	0.579591
1.92	0.586924
1.922	0.592025
1.924	0.597126
1.926	0.59585
1.928	0.589793
1.93	0.590112
1.932	0.575766
1.934	0.569071
1.936	0.555043
1.938	0.546117
1.94	0.536552
1.942	0.529857
1.944	0.532089
1.946	0.525075
1.948	0.530176
1.95	0.523481
1.952	0.529539
1.954	0.527945
1.956	0.527945
1.958	0.524756
1.96	0.523481
1.962	0.520612
1.964	0.519337
1.966	0.51838
1.968	0.51838
1.97	0.518062
1.972	0.515192
1.974	0.516786
1.976	0.511048
1.978	0.512004
1.98	0.502759
1.982	0.500208
1.984	0.494151
1.986	0.493195
1.988	0.494789
1.99	0.489369
1.992	0.485862
1.994	0.485862
1.996	0.484268
1.998	0.483312
2	0.488412
2.002	0.486818
2.004	0.480124
2.006	0.478211
2.008	0.473429
2.01	0.466415
2.012	0.469922
2.014	0.46769
2.016	0.461314
2.018	0.456532
2.02	0.461314
2.022	0.460676
2.024	0.458445
2.026	0.459401
2.028	0.457169
2.03	0.460995
2.032	0.4543
2.034	0.457169
2.036	0.448243
2.038	0.455257
2.04	0.453981
2.042	0.457807
2.044	0.458126
2.046	0.453344
2.048	0.450474
2.05	0.442185
2.052	0.44633
2.054	0.430071
2.056	0.43039
2.058	0.428477
2.06	0.419869
2.062	0.422419
2.064	0.427202
2.066	0.427839
2.068	0.424013
2.07	0.426245
2.072	0.422419
2.074	0.41158
2.076	0.413812
2.078	0.408711
2.08	0.405523
2.082	0.399146
2.084	0.39564
2.086	0.399146
2.088	0.396596
2.09	0.402016
2.092	0.393089
2.094	0.391495
2.096	0.388945
2.098	0.386713
2.1	0.387351
2.102	0.382887
2.104	0.383844
2.106	0.373004
2.108	0.375874
2.11	0.368541
2.112	0.366628
2.114	0.364397
2.116	0.359614
2.118	0.358658
2.12	0.352601
2.122	0.355789
2.124	0.361208
2.126	0.365353
2.128	0.365991
2.13	0.369497
2.132	0.369179
2.134	0.370135
2.136	0.37938
2.138	0.381293
2.14	0.374598
2.142	0.367266
2.144	0.366309
2.146	0.365991
2.148	0.365034
2.15	0.36089
2.152	0.358658
2.154	0.355151
2.156	0.357064
2.158	0.356426
2.16	0.354514
2.162	0.35005
2.164	0.352601
2.166	0.351963
2.168	0.343036
2.17	0.345906
2.172	0.338573
2.174	0.341761
2.176	0.339211
2.178	0.341761
2.18	0.341442
2.182	0.338254
2.184	0.33953
2.186	0.333472
2.188	0.34208
2.19	0.33953
2.192	0.343036
2.194	0.341124
2.196	0.340805
2.198	0.33953
2.2	0.344949
2.202	0.35005
2.204	0.3475
2.206	0.346225
2.208	0.346862
2.21	0.349094
2.212	0.345268
2.214	0.346862
2.216	0.34208
2.218	0.341442
2.22	0.343355
2.222	0.343036
2.224	0.33666
2.226	0.329647
2.228	0.329328
2.23	0.325502
2.232	0.327096
2.234	0.320082
2.236	0.317851
2.238	0.322952
2.24	0.32327
2.242	0.331878
2.244	0.327096
2.246	0.328053
2.248	0.325821
2.25	0.321039
2.252	0.317532
2.254	0.313069
2.256	0.308286
2.258	0.308286
2.26	0.306374
2.262	0.309881
2.264	0.306055
2.266	0.308605
2.268	0.310518
2.27	0.307011
2.272	0.312112
2.274	0.304142
2.276	0.306374
2.278	0.306055
2.28	0.306692
2.282	0.3153
2.284	0.310199
2.286	0.316257
2.288	0.314025
2.29	0.317532
2.292	0.316894
2.294	0.316575
2.296	0.314344
2.298	0.302548
2.3	0.299997
2.302	0.299041
2.304	0.299041
2.306	0.300954
2.308	0.299997
2.31	0.29936
2.312	0.304142
2.314	0.308286
2.316	0.313387
2.318	0.310518
2.32	0.313387
2.322	0.311793
2.324	0.31275
2.326	0.307968
2.328	0.298403
2.33	0.300635
2.332	0.295534
2.334	0.293303
2.336	0.291071
2.338	0.292027
2.34	0.291709
2.342	0.293303
2.344	0.298085
2.346	0.296172
2.348	0.300954
2.35	0.30191
2.352	0.298722
2.354	0.290752
2.356	0.290114
2.358	0.28852
2.36	0.292346
2.362	0.292346
