0.98	0.400422
0.982	0.401697
0.984	0.405523
0.986	0.408711
0.988	0.41158
0.99	0.41158
0.992	0.410942
0.994	0.415724
0.996	0.418913
0.998	0.415087
1	0.423057
1.002	0.430708
1.004	0.439316
1.006	0.450156
1.008	0.45972
1.01	0.465777
1.012	0.47566
1.014	0.486818
1.016	0.490325
1.018	0.489688
1.02	0.489688
1.022	0.496701
1.024	0.508179
1.026	0.51041
1.028	0.506584
1.03	0.516149
1.032	0.517424
1.034	0.528263
1.036	0.540378
1.038	0.546435
1.04	0.547392
1.042	0.557912
1.044	0.573534
1.046	0.574172
1.048	0.577678
1.05	0.581185
1.052	0.583417
1.054	0.582461
1.056	0.592662
1.058	0.596169
1.06	0.595532
1.062	0.600314
1.064	0.607328
1.066	0.610197
1.068	0.610834
1.07	0.617529
1.072	0.620717
1.074	0.626456
1.076	0.638252
1.078	0.642396
1.08	0.654511
1.082	0.658018
1.084	0.669176
1.086	0.673002
1.088	0.667263
1.09	0.662162
1.092	0.656424
1.094	0.669495
1.096	0.660887
1.098	0.666944
1.1	0.657061
1.102	0.66025
1.104	0.659931
1.106	0.658337
1.108	0.655467
1.11	0.643353
1.112	0.646541
1.114	0.640483
1.116	0.645903
1.118	0.637295
1.12	0.638889
1.122	0.652279
1.124	0.656424
1.126	0.658337
1.128	0.658655
1.13	0.66025
1.132	0.662481
1.134	0.667901
1.136	0.677784
1.138	0.670451
1.14	0.673002
1.142	0.676827
1.144	0.68416
1.146	0.692768
1.148	0.692768
1.15	0.696912
1.152	0.701694
1.154	0.700419
1.156	0.707752
1.158	0.704564
1.16	0.703288
1.162	0.692768
1.164	0.701694
1.166	0.7001
1.168	0.696594
1.17	0.700419
1.172	0.700419
1.174	0.701376
1.176	0.703288
1.178	0.709346
1.18	0.706477
1.182	0.708389
1.184	0.711577
1.186	0.715084
1.188	0.720504
1.19	0.727837
1.192	0.731025
1.194	0.738357
1.196	0.744096
1.198	0.750472
1.2	0.753022
1.202	0.76163
1.204	0.764818
1.206	0.768006
1.208	0.768644
1.21	0.766731
1.212	0.767688
1.214	0.777571
1.216	0.786178
1.218	0.797974
1.22	0.794467
1.222	0.804669
1.224	0.815827
1.226	0.828261
1.228	0.836869
1.23	0.833999
1.232	0.835912
1.234	0.827623
1.236	0.833362
1.238	0.83655
1.24	0.835593
1.242	0.841013
1.244	0.84197
1.246	0.853128
1.248	0.846433
1.25	0.85249
1.252	0.857272
1.254	0.850896
1.256	0.845476
1.258	0.837825
1.26	0.837825
1.262	0.829217
1.264	0.833999
1.266	0.831449
1.268	0.832405
1.27	0.831768
1.272	0.833043
1.274	0.835275
1.276	0.840376
1.278	0.83655
1.28	0.840376
1.282	0.835275
1.284	0.836869
1.286	0.843564
1.288	0.850577
1.29	0.850577
1.292	0.846433
1.294	0.850259
1.296	0.852809
1.298	0.862054
1.3	0.860142
1.302	0.861098
1.304	0.859823
1.306	0.863648
1.308	0.859504
1.31	0.858548
1.312	0.853128
1.314	0.850896
1.316	0.849621
1.318	0.850577
1.32	0.843882
1.322	0.834318
1.324	0.835593
1.326	0.831768
1.328	0.827304
1.33	0.820291
1.332	0.807857
1.334	0.79383
1.336	0.789685
1.338	0.776614
1.34	0.765137
1.342	0.756529
1.344	0.743139
1.346	0.730387
1.348	0.733256
1.35	0.737401
1.352	0.733894
1.354	0.737082
1.356	0.726561
1.358	0.726243
1.36	0.726561
1.362	0.733894
1.364	0.730706
1.366	0.727837
1.368	0.725924
1.37	0.727199
1.372	0.731662
1.374	0.727837
1.376	0.732619
1.378	0.728155
1.38	0.725605
1.382	0.723055
1.384	0.723055
1.386	0.720185
1.388	0.729112
1.39	0.731981
1.392	0.736444
1.394	0.74569
1.396	0.753341
1.398	0.753341
1.4	0.756848
1.402	0.764181
1.404	0.763862
1.406	0.767369
1.408	0.76705
1.41	0.762268
1.412	0.758123
1.414	0.760355
1.416	0.763862
1.418	0.764181
1.42	0.765775
1.422	0.772151
1.424	0.770557
1.426	0.776295
1.428	0.777889
1.43	0.784903
1.432	0.774701
1.434	0.777571
1.436	0.776614
1.438	0.770876
1.44	0.765137
1.442	0.759399
1.444	0.752385
1.446	0.746646
1.448	0.755573
1.45	0.760993
1.452	0.753979
1.454	0.75366
1.456	0.762268
1.458	0.759399
1.46	0.766093
1.462	0.764181
1.464	0.757804
1.466	0.741864
1.468	0.745052
1.47	0.741545
1.472	0.732938
1.474	0.738038
1.476	0.738038
1.478	0.734532
1.48	0.73772
1.482	0.746965
1.484	0.74569
1.486	0.75366
1.488	0.755892
1.49	0.757167
1.492	0.750472
1.494	0.746965
1.496	0.742821
1.498	0.736444
1.5	0.730706
1.502	0.720823
1.504	0.720185
1.506	0.716997
1.508	0.71636
1.51	0.715403
1.512	0.718272
1.514	0.72146
1.516	0.727518
1.518	0.72688
1.52	0.720185
1.522	0.716997
1.524	0.723055
1.526	0.732619
1.528	0.729749
1.53	0.720823
1.532	0.71891
1.534	0.717316
1.536	0.723373
1.538	0.720823
1.54	0.715084
1.542	0.710621
1.544	0.708071
1.546	0.708708
1.548	0.703607
1.55	0.706158
1.552	0.700419
1.554	0.704883
1.556	0.708071
1.558	0.702332
1.56	0.700738
1.562	0.699782
1.564	0.696912
1.566	0.690536
1.568	0.689899
1.57	0.688942
1.572	0.682885
1.574	0.680653
1.576	0.68416
1.578	0.683204
1.58	0.686392
1.582	0.691811
1.584	0.693724
1.586	0.691811
1.588	0.690217
1.59	0.688623
1.592	0.688942
1.594	0.690217
1.596	0.68416
1.598	0.685435
1.6	0.68161
1.602	0.667901
1.604	0.664713
1.606	0.675552
1.608	0.667263
1.61	0.663119
1.612	0.659293
1.614	0.657061
1.616	0.656105
1.618	0.670451
1.62	0.674596
1.622	0.656105
1.624	0.654192
1.626	0.649729
1.628	0.651961
1.63	0.646222
1.632	0.645584
1.634	0.640165
1.636	0.638252
1.638	0.645266
1.64	0.650048
1.642	0.648135
1.644	0.649091
1.646	0.653873
1.648	0.64941
1.65	0.63602
1.652	0.632832
1.654	0.6306
1.656	0.623906
1.658	0.621036
1.66	0.616892
1.662	0.60669
1.664	0.60127
1.666	0.608603
1.668	0.607328
1.67	0.602227
1.672	0.593938
1.674	0.592025
1.676	0.591387
1.678	0.584373
1.68	0.580229
1.682	0.570984
1.684	0.560782
1.686	0.556318
1.688	0.554087
1.69	0.557912
1.692	0.551855
1.694	0.560463
1.696	0.569389
1.698	0.581185
1.7	0.58788
1.702	0.59075
1.704	0.597763
1.706	0.590112
1.708	0.591068
1.71	0.581823
1.712	0.572578
1.714	0.568114
1.716	0.564607
1.718	0.561101
1.72	0.559506
1.722	0.556
1.724	0.560144
1.726	0.567158
1.728	0.569071
1.73	0.567158
1.732	0.561738
1.734	0.557912
1.736	0.556956
1.738	0.557912
1.74	0.552174
1.742	0.543566
1.744	0.536871
1.746	0.528901
1.748	0.521887
1.75	0.52922
1.752	0.523481
1.754	0.52125
1.756	0.522844
1.758	0.526669
1.76	0.526351
1.762	0.52125
1.764	0.524756
1.766	0.515511
1.768	0.516786
1.77	0.52125
1.772	0.51583
1.774	0.511048
1.776	0.505628
1.778	0.504672
1.78	0.502759
1.782	0.50499
1.784	0.494789
1.786	0.494789
1.788	0.490963
1.79	0.492557
1.792	0.492557
1.794	0.485543
1.796	0.48108
1.798	0.468965
1.8	0.468328
1.802	0.458445
1.804	0.454619
1.806	0.453663
1.808	0.453663
1.81	0.463864
1.812	0.470559
1.814	0.477892
1.816	0.481718
1.818	0.490325
1.82	0.494789
1.822	0.490007
1.824	0.490007
1.826	0.483949
1.828	0.479486
1.83	0.473429
1.832	0.468965
1.834	0.465458
1.836	0.464183
1.838	0.461314
1.84	0.457488
1.842	0.453663
1.844	0.455257
1.846	0.466096
1.848	0.465458
1.85	0.46227
1.852	0.463546
1.854	0.46227
1.856	0.471516
1.858	0.483312
1.86	0.482993
1.862	0.477892
1.864	0.489688
1.866	0.499252
1.868	0.500846
1.87	0.504034
1.872	0.507541
1.874	0.507222
1.876	0.512642
1.878	0.519974
1.88	0.516786
1.882	0.51041
1.884	0.518062
1.886	0.526669
1.888	0.522844
1.89	0.522525
1.892	0.526669
1.894	0.520931
1.896	0.520612
1.898	0.520293
1.9	0.514236
1.902	0.506266
1.904	0.505947
1.906	0.501802
1.908	0.492238
1.91	0.493832
1.912	0.492876
1.914	0.499252
1.916	0.488412
1.918	0.493513
1.92	0.494789
1.922	0.498296
1.924	0.498933
1.926	0.494151
1.928	0.497658
1.93	0.494151
1.932	0.502759
1.934	0.493195
1.936	0.48905
1.938	0.48363
1.94	0.484906
1.942	0.482355
1.944	0.479805
1.946	0.475341
1.948	0.472472
1.95	0.480761
1.952	0.47566
1.954	0.472153
1.956	0.466096
1.958	0.469284
1.96	0.461951
1.962	0.458763
1.964	0.460676
1.966	0.450793
1.968	0.453025
1.97	0.449837
1.972	0.444417
1.974	0.435809
1.976	0.431665
1.978	0.436447
1.98	0.430708
1.982	0.429752
1.984	0.430708
1.986	0.434215
1.988	0.434853
1.99	0.436447
1.992	0.437722
1.994	0.431346
1.996	0.431665
1.998	0.435809
2	0.431665
2.002	0.426883
2.004	0.420825
2.006	0.424332
2.008	0.427202
2.01	0.427839
2.012	0.419869
2.014	0.419869
2.016	0.418275
2.018	0.416362
2.02	0.423057
2.022	0.415406
2.024	0.409348
2.026	0.405523
2.028	0.408711
2.03	0.398828
2.032	0.399784
2.034	0.39819
2.036	0.393727
2.038	0.394364
2.04	0.391176
2.042	0.390539
2.044	0.39022
2.046	0.39022
2.048	0.3848
2.05	0.3848
2.052	0.383844
2.054	0.37938
2.056	0.382569
2.058	0.385119
2.06	0.384481
2.062	0.3848
2.064	0.381931
2.066	0.378424
2.068	0.37428
2.07	0.373961
2.072	0.367585
2.074	0.362484
2.076	0.358658
2.078	0.352919
2.08	0.35547
2.082	0.355151
2.084	0.358339
2.086	0.35547
2.088	0.35802
2.09	0.350688
2.092	0.352282
2.094	0.351963
2.096	0.350688
2.098	0.345906
2.1	0.34208
2.102	0.343674
2.104	0.343993
2.106	0.342399
2.108	0.338573
2.11	0.336979
2.112	0.335385
2.114	0.337617
2.116	0.338573
2.118	0.332835
2.12	0.327415
2.122	0.329328
2.124	0.324864
2.126	0.329328
2.128	0.326777
2.13	0.325821
2.132	0.32869
2.134	0.330603
2.136	0.326777
2.138	0.323589
2.14	0.328371
2.142	0.319126
2.144	0.314663
2.146	0.316575
2.148	0.316575
2.15	0.318807
2.152	0.318488
2.154	0.322952
2.156	0.321995
2.158	0.331878
2.16	0.338254
2.162	0.330603
2.164	0.329009
2.166	0.321676
2.168	0.32072
2.17	0.318807
2.172	0.31275
2.174	0.312431
2.176	0.30733
2.178	0.31275
2.18	0.300635
2.182	0.30478
2.184	0.315619
2.186	0.314025
2.188	0.319126
2.19	0.310518
2.192	0.305736
2.194	0.300954
2.196	0.315619
2.198	0.319764
2.2	0.307649
2.202	0.311475
2.204	0.314344
2.206	0.320401
2.208	0.321039
2.21	0.32072
2.212	0.313706
2.214	0.314981
2.216	0.321676
2.218	0.32072
2.22	0.314981
2.222	0.308924
2.224	0.30733
2.226	0.313706
2.228	0.317532
2.23	0.314344
2.232	0.317213
2.234	0.313387
2.236	0.309243
2.238	0.308286
2.24	0.317213
2.242	0.311156
2.244	0.312112
2.246	0.308605
2.248	0.30191
2.25	0.302229
2.252	0.306692
2.254	0.306055
2.256	0.297766
2.258	0.296172
2.26	0.284057
2.262	0.284057
2.264	0.28852
2.266	0.289477
2.268	0.28342
2.27	0.286926
2.272	0.295215
2.274	0.297128
2.276	0.294897
2.278	0.295853
2.28	0.292027
2.282	0.289477
2.284	0.292027
2.286	0.292984
2.288	0.287245
2.29	0.284695
2.292	0.292665
2.294	0.292346
2.296	0.287883
2.298	0.286608
2.3	0.287564
2.302	0.283738
2.304	0.286608
2.306	0.288839
2.308	0.282144
2.31	0.279275
2.312	0.280231
2.314	0.285014
2.316	0.278
2.318	0.274812
2.32	0.266523
2.322	0.26461
2.324	0.26716
2.326	0.269392
2.328	0.274174
2.33	0.268754
2.332	0.269392
2.334	0.269711
2.336	0.268117
2.338	0.271942
2.34	0.273218
2.342	0.269711
2.344	0.266523
2.346	0.266204
2.348	0.267798
2.35	0.26716
2.352	0.27003
2.354	0.265885
2.356	0.262059
2.358	0.260784
2.36	0.255364
2.362	0.259509
