0.98	0.003291
0.982	0.003296
0.984	0.003302
0.986	0.003318
0.988	0.003341
0.99	0.003368
0.992	0.003401
0.994	0.003435
0.996	0.003478
0.998	0.003518
1	0.003574
1.002	0.003614
1.004	0.003665
1.006	0.003705
1.008	0.003758
1.01	0.003819
1.012	0.003873
1.014	0.00393
1.016	0.003976
1.018	0.00403
1.02	0.004093
1.022	0.004129
1.024	0.004175
1.026	0.004197
1.028	0.004237
1.03	0.004266
1.032	0.004315
1.034	0.004345
1.036	0.004371
1.038	0.00442
1.04	0.004463
1.042	0.004509
1.044	0.004547
1.046	0.004588
1.048	0.004621
1.05	0.004655
1.052	0.004691
1.054	0.004717
1.056	0.004752
1.058	0.004775
1.06	0.004828
1.062	0.004863
1.064	0.004911
1.066	0.004943
1.068	0.004988
1.07	0.005029
1.072	0.005063
1.074	0.0051
1.076	0.005122
1.078	0.005148
1.08	0.005173
1.082	0.005217
1.084	0.005244
1.086	0.005303
1.088	0.005332
1.09	0.005373
1.092	0.005382
1.094	0.005396
1.096	0.005381
1.098	0.005352
1.1	0.005319
1.102	0.00528
1.104	0.005241
1.106	0.005215
1.108	0.005184
1.11	0.005174
1.112	0.005149
1.114	0.005165
1.116	0.005147
1.118	0.005157
1.12	0.005154
1.122	0.005157
1.124	0.005164
1.126	0.005212
1.128	0.005225
1.13	0.005243
1.132	0.005292
1.134	0.005332
1.136	0.005353
1.138	0.005403
1.14	0.005432
1.142	0.005433
1.144	0.00549
1.146	0.005545
1.148	0.005564
1.15	0.00556
1.152	0.005623
1.154	0.005627
1.156	0.005652
1.158	0.005644
1.16	0.005661
1.162	0.005651
1.164	0.005673
1.166	0.005699
1.168	0.005712
1.17	0.005725
1.172	0.005779
1.174	0.005832
1.176	0.005879
1.178	0.005918
1.18	0.005978
1.182	0.006029
1.184	0.006088
1.186	0.00616
1.188	0.006214
1.19	0.006294
1.192	0.006345
1.194	0.006419
1.196	0.006475
1.198	0.00655
1.2	0.00661
1.202	0.006693
1.204	0.006763
1.206	0.006825
1.208	0.006894
1.21	0.00697
1.212	0.007012
1.214	0.007063
1.216	0.007108
1.218	0.007151
1.22	0.007175
1.222	0.007217
1.224	0.007248
1.226	0.007308
1.228	0.007357
1.23	0.007413
1.232	0.007433
1.234	0.007469
1.236	0.00749
1.238	0.007535
1.24	0.007564
1.242	0.007545
1.244	0.00757
1.246	0.007599
1.248	0.007641
1.25	0.007674
1.252	0.007712
1.254	0.007718
1.256	0.007723
1.258	0.007768
1.26	0.007804
1.262	0.007804
1.264	0.007834
1.266	0.007842
1.268	0.00788
1.27	0.007889
1.272	0.007933
1.274	0.007924
1.276	0.007927
1.278	0.007931
1.28	0.007945
1.282	0.007949
1.284	0.007968
1.286	0.007978
1.288	0.007994
1.29	0.008018
1.292	0.008064
1.294	0.008063
1.296	0.00807
1.298	0.008067
1.3	0.008083
1.302	0.00807
1.304	0.008089
1.306	0.008076
1.308	0.008064
1.31	0.008064
1.312	0.008071
1.314	0.008045
1.316	0.008022
1.318	0.008011
1.32	0.007995
1.322	0.007978
1.324	0.007958
1.326	0.007933
1.328	0.007882
1.33	0.00784
1.332	0.007764
1.334	0.007715
1.336	0.007583
1.338	0.007473
1.34	0.007329
1.342	0.007235
1.344	0.007128
1.346	0.007071
1.348	0.00702
1.35	0.006993
1.352	0.006994
1.354	0.006991
1.356	0.006933
1.358	0.006852
1.36	0.006788
1.362	0.006752
1.364	0.006698
1.366	0.006642
1.368	0.006583
1.37	0.006574
1.372	0.006589
1.374	0.006658
1.376	0.006669
1.378	0.006681
1.38	0.006669
1.382	0.006669
1.384	0.006672
1.386	0.006693
1.388	0.006734
1.39	0.006758
1.392	0.0068
1.394	0.006846
1.396	0.006875
1.398	0.006927
1.4	0.00696
1.402	0.006989
1.404	0.007021
1.406	0.007038
1.408	0.007084
1.41	0.007088
1.412	0.007122
1.414	0.007124
1.416	0.007161
1.418	0.007137
1.42	0.007111
1.422	0.007094
1.424	0.007066
1.426	0.007048
1.428	0.007063
1.43	0.007042
1.432	0.007027
1.434	0.007017
1.436	0.007045
1.438	0.007015
1.44	0.007028
1.442	0.006987
1.444	0.006977
1.446	0.006941
1.448	0.006931
1.45	0.006906
1.452	0.006835
1.454	0.006813
1.456	0.006792
1.458	0.006801
1.46	0.006759
1.462	0.006727
1.464	0.0067
1.466	0.006706
1.468	0.00672
1.47	0.006694
1.472	0.006658
1.474	0.006637
1.476	0.00661
1.478	0.006599
1.48	0.006517
1.482	0.006451
1.484	0.006396
1.486	0.006377
1.488	0.00633
1.49	0.006268
1.492	0.006227
1.494	0.006219
1.496	0.006224
1.498	0.006187
1.5	0.006163
1.502	0.006152
1.504	0.006136
1.506	0.006131
1.508	0.006111
1.51	0.006095
1.512	0.006066
1.514	0.00605
1.516	0.006036
1.518	0.00604
1.52	0.00603
1.522	0.006032
1.524	0.006006
1.526	0.005993
1.528	0.005971
1.53	0.005991
1.532	0.005984
1.534	0.005947
1.536	0.005903
1.538	0.005879
1.54	0.005859
1.542	0.005827
1.544	0.005809
1.546	0.005775
1.548	0.005738
1.55	0.005691
1.552	0.00568
1.554	0.005645
1.556	0.00563
1.558	0.005575
1.56	0.00557
1.562	0.005541
1.564	0.005517
1.566	0.005504
1.568	0.005495
1.57	0.005462
1.572	0.00545
1.574	0.005449
1.576	0.005424
1.578	0.0054
1.58	0.005392
1.582	0.005372
1.584	0.005352
1.586	0.005327
1.588	0.005308
1.59	0.005271
1.592	0.005259
1.594	0.005236
1.596	0.005242
1.598	0.005206
1.6	0.00519
1.602	0.005169
1.604	0.005149
1.606	0.005138
1.608	0.005119
1.61	0.005093
1.612	0.005055
1.614	0.005045
1.616	0.005
1.618	0.004989
1.62	0.004967
1.622	0.00495
1.624	0.004908
1.626	0.004906
1.628	0.004879
1.63	0.004877
1.632	0.00486
1.634	0.00484
1.636	0.004805
1.638	0.004811
1.64	0.004798
1.642	0.00477
1.644	0.004726
1.646	0.004702
1.648	0.004683
1.65	0.00468
1.652	0.00466
1.654	0.004634
1.656	0.004607
1.658	0.004595
1.66	0.004583
1.662	0.004561
1.664	0.004541
1.666	0.004513
1.668	0.004497
1.67	0.004471
1.672	0.004462
1.674	0.004439
1.676	0.004432
1.678	0.004415
1.68	0.004395
1.682	0.004388
1.684	0.004375
1.686	0.004355
1.688	0.004337
1.69	0.004327
1.692	0.004325
1.694	0.004298
1.696	0.004294
1.698	0.004269
1.7	0.004253
1.702	0.004229
1.704	0.004225
1.706	0.004206
1.708	0.004194
1.71	0.00419
1.712	0.004194
1.714	0.004171
1.716	0.004171
1.718	0.004163
1.72	0.004141
1.722	0.004098
1.724	0.004078
1.726	0.004053
1.728	0.00403
1.73	0.004009
1.732	0.003992
1.734	0.003966
1.736	0.003959
1.738	0.00395
1.74	0.003924
1.742	0.003898
1.744	0.003864
1.746	0.003834
1.748	0.003801
1.75	0.003777
1.752	0.003748
1.754	0.003735
1.756	0.00371
1.758	0.003694
1.76	0.00367
1.762	0.003658
1.764	0.003633
1.766	0.003613
1.768	0.003573
1.77	0.003548
1.772	0.003519
1.774	0.003507
1.776	0.003464
1.778	0.003449
1.78	0.003408
1.782	0.003415
1.784	0.003408
1.786	0.003403
1.788	0.003391
1.79	0.003385
1.792	0.003386
1.794	0.003361
1.796	0.003344
1.798	0.003307
1.8	0.003268
1.802	0.003242
1.804	0.003225
1.806	0.003204
1.808	0.003194
1.81	0.003206
1.812	0.003217
1.814	0.003235
1.816	0.003253
1.818	0.003258
1.82	0.003247
1.822	0.003233
1.824	0.003209
1.826	0.003172
1.828	0.003149
1.83	0.003104
1.832	0.003077
1.834	0.003051
1.836	0.003032
1.838	0.003014
1.84	0.003012
1.842	0.002981
1.844	0.002975
1.846	0.002965
1.848	0.002979
1.85	0.002968
1.852	0.002978
1.854	0.002973
1.856	0.002984
1.858	0.003007
1.86	0.003026
1.862	0.003028
1.864	0.003016
1.866	0.00302
1.868	0.003024
1.87	0.003025
1.872	0.003024
1.874	0.003024
1.876	0.003015
1.878	0.003031
1.88	0.00304
1.882	0.003044
1.884	0.003044
1.886	0.003052
1.888	0.003053
1.89	0.003052
1.892	0.003055
1.894	0.003036
1.896	0.003031
1.898	0.003017
1.9	0.002984
1.902	0.002974
1.904	0.002964
1.906	0.002957
1.908	0.002949
1.91	0.002942
1.912	0.002933
1.914	0.002923
1.916	0.002934
1.918	0.002923
1.92	0.002897
1.922	0.002892
1.924	0.002868
1.926	0.002874
1.928	0.002853
1.93	0.002849
1.932	0.002828
1.934	0.002818
1.936	0.0028
1.938	0.002789
1.94	0.002766
1.942	0.002741
1.944	0.002721
1.946	0.002705
1.948	0.002685
1.95	0.002658
1.952	0.002644
1.954	0.002596
1.956	0.002596
1.958	0.002583
1.96	0.002562
1.962	0.002557
1.964	0.002539
1.966	0.002533
1.968	0.002512
1.97	0.002529
1.972	0.002499
1.974	0.002478
1.976	0.002467
1.978	0.002438
1.98	0.00243
1.982	0.002415
1.984	0.002408
1.986	0.002384
1.988	0.00237
1.99	0.002345
1.992	0.002335
1.994	0.002309
1.996	0.002301
1.998	0.002274
2	0.002264
2.002	0.002245
2.004	0.002227
2.006	0.002206
2.008	0.002184
2.01	0.002167
2.012	0.002147
2.014	0.002129
2.016	0.002111
2.018	0.002101
2.02	0.002097
2.022	0.002084
2.024	0.002085
2.026	0.002069
2.028	0.002059
2.03	0.002049
2.032	0.002048
2.034	0.00203
2.036	0.002026
2.038	0.002022
2.04	0.002013
2.042	0.002012
2.044	0.002009
2.046	0.002004
2.048	0.001992
2.05	0.001987
2.052	0.001968
2.054	0.001957
2.056	0.001936
2.058	0.001936
2.06	0.001914
2.062	0.001914
2.064	0.001891
2.066	0.001889
2.068	0.001878
2.07	0.001864
2.072	0.001855
2.074	0.001831
2.076	0.001824
2.078	0.001804
2.08	0.001796
2.082	0.001788
2.084	0.001768
2.086	0.00176
2.088	0.001739
2.09	0.001747
2.092	0.001722
2.094	0.001712
2.096	0.001682
2.098	0.001664
2.1	0.001646
2.102	0.001645
2.104	0.001629
2.106	0.001611
2.108	0.001598
2.11	0.001595
2.112	0.001592
2.114	0.001591
2.116	0.001585
2.118	0.001581
2.12	0.001593
2.122	0.001585
2.124	0.001591
2.126	0.001575
2.128	0.001579
2.13	0.001564
2.132	0.001563
2.134	0.001546
2.136	0.00153
2.138	0.001519
2.14	0.001511
2.142	0.001504
2.144	0.001495
2.146	0.001481
2.148	0.001477
2.15	0.001462
2.152	0.001467
2.154	0.001455
2.156	0.001464
2.158	0.001454
2.16	0.001463
2.162	0.001453
2.164	0.001468
2.166	0.001465
2.168	0.001465
2.17	0.001459
2.172	0.001453
2.174	0.001443
2.176	0.00144
2.178	0.001438
2.18	0.001429
2.182	0.001443
2.184	0.001431
2.186	0.001438
2.188	0.001425
2.19	0.001435
2.192	0.001421
2.194	0.001417
2.196	0.001406
2.198	0.001388
2.2	0.001384
2.202	0.001373
2.204	0.00137
2.206	0.001358
2.208	0.001349
2.21	0.001349
2.212	0.001336
2.214	0.001354
2.216	0.001342
2.218	0.001354
2.22	0.001342
2.222	0.001356
2.224	0.001346
2.226	0.001357
2.228	0.001353
2.23	0.001342
2.232	0.001334
2.234	0.001327
2.236	0.001318
2.238	0.001308
2.24	0.001306
2.242	0.00129
2.244	0.001299
2.246	0.001285
2.248	0.001287
2.25	0.001279
2.252	0.001281
2.254	0.001272
2.256	0.001266
2.258	0.001262
2.26	0.001249
2.262	0.001243
2.264	0.001235
2.266	0.001227
2.268	0.001221
2.27	0.001209
2.272	0.001208
2.274	0.001193
2.276	0.001205
2.278	0.001192
2.28	0.001205
2.282	0.001188
2.284	0.001199
2.286	0.001186
2.288	0.001194
2.29	0.001187
2.292	0.001183
2.294	0.001175
2.296	0.00117
2.298	0.001165
2.3	0.001162
2.302	0.001161
2.304	0.00116
2.306	0.001175
2.308	0.001168
2.31	0.001177
2.312	0.001161
2.314	0.001174
2.316	0.001157
2.318	0.001162
2.32	0.001146
2.322	0.001131
2.324	0.001117
2.326	0.00111
2.328	0.001107
2.33	0.001096
2.332	0.001092
2.334	0.001086
2.336	0.001075
2.338	0.001076
2.34	0.001067
2.342	0.001077
2.344	0.001065
2.346	0.001077
2.348	0.001058
2.35	0.001074
2.352	0.001066
2.354	0.001077
2.356	0.001066
2.358	0.001066
2.36	0.001057
2.362	0.001051
